%YAML:1.0
---
names:
  - "00"
  - "01"
  - "02"
  - "03"
  - "04"
  - "05"
  - "06"
  - "07"
  - "08"
  - "09"
  - "10"
  - "11"
  - "12"
  - "13"
  - "14"
  - "15"
  - "16"
  - "17"
  - "18"
  - "19"
  - "20"
  - "21"
  - "22"
R_00: !!opencv-matrix
  rows: 3
  cols: 1
  dt: d
  data: [-0.010, -1.812, -2.428]
Rot_00: !!opencv-matrix
  rows: 3
  cols: 3
  dt: d
  data: [-0.994, 0.094, -0.062, -0.086, -0.280, 0.956, 0.072, 0.955, 0.287]
T_00: !!opencv-matrix
  rows: 3
  cols: 1
  dt: d
  data: [0.059, 0.993, 2.989]
R_01: !!opencv-matrix
  rows: 3
  cols: 1
  dt: d
  data: [-0.265, -1.470, -2.117]
Rot_01: !!opencv-matrix
  rows: 3
  cols: 3
  dt: d
  data: [-0.833, 0.535, -0.142, -0.320, -0.256, 0.912, 0.452, 0.805, 0.385]
T_01: !!opencv-matrix
  rows: 3
  cols: 1
  dt: d
  data: [0.383, 0.899, 2.948]
R_02: !!opencv-matrix
  rows: 3
  cols: 1
  dt: d
  data: [-0.507, -1.405, -2.042]
Rot_02: !!opencv-matrix
  rows: 3
  cols: 3
  dt: d
  data: [-0.746, 0.666, -0.025, -0.261, -0.257, 0.930, 0.613, 0.700, 0.366]
T_02: !!opencv-matrix
  rows: 3
  cols: 1
  dt: d
  data: [0.340, 0.942, 2.925]
R_03: !!opencv-matrix
  rows: 3
  cols: 1
  dt: d
  data: [-0.476, -1.303, -1.930]
Rot_03: !!opencv-matrix
  rows: 3
  cols: 3
  dt: d
  data: [-0.652, 0.752, -0.100, -0.373, -0.204, 0.905, 0.660, 0.627, 0.414]
T_03: !!opencv-matrix
  rows: 3
  cols: 1
  dt: d
  data: [-0.133, 0.724, 2.832]
R_04: !!opencv-matrix
  rows: 3
  cols: 1
  dt: d
  data: [-0.796, -1.174, -1.672]
Rot_04: !!opencv-matrix
  rows: 3
  cols: 3
  dt: d
  data: [-0.374, 0.927, 0.003, -0.312, -0.129, 0.941, 0.873, 0.351, 0.338]
T_04: !!opencv-matrix
  rows: 3
  cols: 1
  dt: d
  data: [-0.182, 0.956, 2.843]
R_05: !!opencv-matrix
  rows: 3
  cols: 1
  dt: d
  data: [-0.847, -1.109, -1.542]
Rot_05: !!opencv-matrix
  rows: 3
  cols: 3
  dt: d
  data: [-0.241, 0.970, -0.016, -0.325, -0.065, 0.944, 0.915, 0.232, 0.331]
T_05: !!opencv-matrix
  rows: 3
  cols: 1
  dt: d
  data: [-0.609, 0.912, 2.908]
R_06: !!opencv-matrix
  rows: 3
  cols: 1
  dt: d
  data: [-0.974, -0.957, -1.190]
Rot_06: !!opencv-matrix
  rows: 3
  cols: 3
  dt: d
  data: [0.120, 0.990, -0.076, -0.286, 0.108, 0.952, 0.951, -0.093, 0.296]
T_06: !!opencv-matrix
  rows: 3
  cols: 1
  dt: d
  data: [-0.731, 1.010, 2.856]
R_07: !!opencv-matrix
  rows: 3
  cols: 1
  dt: d
  data: [-1.073, -0.702, -0.857]
Rot_07: !!opencv-matrix
  rows: 3
  cols: 3
  dt: d
  data: [0.499, 0.863, -0.080, -0.248, 0.230, 0.941, 0.830, -0.450, 0.329]
T_07: !!opencv-matrix
  rows: 3
  cols: 1
  dt: d
  data: [-0.303, 0.926, 3.128]
R_08: !!opencv-matrix
  rows: 3
  cols: 1
  dt: d
  data: [-1.154, -0.517, -0.776]
Rot_08: !!opencv-matrix
  rows: 3
  cols: 3
  dt: d
  data: [0.639, 0.769, 0.024, -0.273, 0.197, 0.941, 0.719, -0.608, 0.336]
T_08: !!opencv-matrix
  rows: 3
  cols: 1
  dt: d
  data: [-0.296, 0.878, 3.221]
R_09: !!opencv-matrix
  rows: 3
  cols: 1
  dt: d
  data: [-1.177, -0.454, -0.794]
Rot_09: !!opencv-matrix
  rows: 3
  cols: 3
  dt: d
  data: [0.653, 0.752, 0.083, -0.310, 0.165, 0.936, 0.691, -0.638, 0.341]
T_09: !!opencv-matrix
  rows: 3
  cols: 1
  dt: d
  data: [-0.836, 0.877, 3.241]
R_10: !!opencv-matrix
  rows: 3
  cols: 1
  dt: d
  data: [-1.189, -0.260, -0.275]
Rot_10: !!opencv-matrix
  rows: 3
  cols: 3
  dt: d
  data: [0.937, 0.344, -0.054, -0.074, 0.347, 0.935, 0.341, -0.872, 0.351]
T_10: !!opencv-matrix
  rows: 3
  cols: 1
  dt: d
  data: [-0.280, 0.659, 3.469]
R_11: !!opencv-matrix
  rows: 3
  cols: 1
  dt: d
  data: [-1.177, -0.158, -0.129]
Rot_11: !!opencv-matrix
  rows: 3
  cols: 3
  dt: d
  data: [0.982, 0.183, -0.055, -0.018, 0.379, 0.925, 0.190, -0.907, 0.375]
T_11: !!opencv-matrix
  rows: 3
  cols: 1
  dt: d
  data: [-0.784, 0.621, 3.580]
R_12: !!opencv-matrix
  rows: 3
  cols: 1
  dt: d
  data: [-1.211, 0.032, -0.060]
Rot_12: !!opencv-matrix
  rows: 3
  cols: 3
  dt: d
  data: [0.998, 0.029, 0.057, -0.063, 0.351, 0.934, 0.007, -0.936, 0.352]
T_12: !!opencv-matrix
  rows: 3
  cols: 1
  dt: d
  data: [-0.733, 0.785, 3.553]
R_13: !!opencv-matrix
  rows: 3
  cols: 1
  dt: d
  data: [-1.244, 0.234, 0.332]
Rot_13: !!opencv-matrix
  rows: 3
  cols: 3
  dt: d
  data: [0.929, -0.371, -0.006, 0.119, 0.283, 0.952, -0.351, -0.885, 0.306]
T_13: !!opencv-matrix
  rows: 3
  cols: 1
  dt: d
  data: [-0.378, 0.836, 3.611]
R_14: !!opencv-matrix
  rows: 3
  cols: 1
  dt: d
  data: [-1.140, 0.457, 0.635]
Rot_14: !!opencv-matrix
  rows: 3
  cols: 3
  dt: d
  data: [0.740, -0.673, 0.017, 0.229, 0.276, 0.933, -0.633, -0.687, 0.358]
T_14: !!opencv-matrix
  rows: 3
  cols: 1
  dt: d
  data: [-0.149, 0.504, 3.808]
R_15: !!opencv-matrix
  rows: 3
  cols: 1
  dt: d
  data: [-1.198, 0.666, 0.858]
Rot_15: !!opencv-matrix
  rows: 3
  cols: 3
  dt: d
  data: [0.528, -0.849, 0.001, 0.211, 0.132, 0.969, -0.823, -0.512, 0.248]
T_15: !!opencv-matrix
  rows: 3
  cols: 1
  dt: d
  data: [0.016, 0.982, 3.642]
R_16: !!opencv-matrix
  rows: 3
  cols: 1
  dt: d
  data: [-1.058, 0.714, 1.146]
Rot_16: !!opencv-matrix
  rows: 3
  cols: 3
  dt: d
  data: [0.291, -0.955, -0.059, 0.367, 0.054, 0.929, -0.883, -0.292, 0.366]
T_16: !!opencv-matrix
  rows: 3
  cols: 1
  dt: d
  data: [0.113, 0.615, 3.716]
R_17: !!opencv-matrix
  rows: 3
  cols: 1
  dt: d
  data: [-0.819, 0.892, 1.345]
Rot_17: !!opencv-matrix
  rows: 3
  cols: 3
  dt: d
  data: [0.016, -0.998, 0.063, 0.446, 0.063, 0.893, -0.895, 0.013, 0.447]
T_17: !!opencv-matrix
  rows: 3
  cols: 1
  dt: d
  data: [0.227, 0.287, 3.717]
R_18: !!opencv-matrix
  rows: 3
  cols: 1
  dt: d
  data: [-0.737, 1.117, 1.555]
Rot_18: !!opencv-matrix
  rows: 3
  cols: 3
  dt: d
  data: [-0.273, -0.958, 0.085, 0.386, -0.029, 0.922, -0.881, 0.285, 0.378]
T_18: !!opencv-matrix
  rows: 3
  cols: 1
  dt: d
  data: [0.366, 0.493, 3.652]
R_19: !!opencv-matrix
  rows: 3
  cols: 1
  dt: d
  data: [-0.757, 1.249, 1.756]
Rot_19: !!opencv-matrix
  rows: 3
  cols: 3
  dt: d
  data: [-0.473, -0.881, -0.008, 0.282, -0.160, 0.946, -0.835, 0.445, 0.324]
T_19: !!opencv-matrix
  rows: 3
  cols: 1
  dt: d
  data: [0.300, 0.716, 3.420]
R_20: !!opencv-matrix
  rows: 3
  cols: 1
  dt: d
  data: [-0.497, 1.443, 1.992]
Rot_20: !!opencv-matrix
  rows: 3
  cols: 3
  dt: d
  data: [-0.736, -0.675, 0.056, 0.264, -0.209, 0.942, -0.624, 0.708, 0.332]
T_20: !!opencv-matrix
  rows: 3
  cols: 1
  dt: d
  data: [0.487, 0.843, 3.388]
R_21: !!opencv-matrix
  rows: 3
  cols: 1
  dt: d
  data: [-0.386, 1.615, 2.283]
Rot_21: !!opencv-matrix
  rows: 3
  cols: 3
  dt: d
  data: [-0.913, -0.406, -0.037, 0.101, -0.312, 0.945, -0.395, 0.859, 0.326]
T_21: !!opencv-matrix
  rows: 3
  cols: 1
  dt: d
  data: [0.594, 0.964, 3.182]
R_22: !!opencv-matrix
  rows: 3
  cols: 1
  dt: d
  data: [-0.157, 1.665, 2.349]
Rot_22: !!opencv-matrix
  rows: 3
  cols: 3
  dt: d
  data: [-0.961, -0.269, 0.060, 0.146, -0.311, 0.939, -0.234, 0.911, 0.338]
T_22: !!opencv-matrix
  rows: 3
  cols: 1
  dt: d
  data: [0.517, 0.870, 3.153]
