%YAML:1.0
---
names:
  - "00"
  - "01"
  - "02"
  - "03"
  - "04"
  - "05"
  - "06"
  - "07"
  - "08"
  - "09"
  - "10"
  - "11"
  - "12"
  - "13"
  - "14"
  - "15"
  - "16"
  - "17"
  - "18"
  - "19"
  - "20"
  - "21"
  - "22"
K_00: !!opencv-matrix
  rows: 3
  cols: 3
  dt: d
  data: [1074.281, 0.000, 542.834, 0.000, 1075.423, 484.884, 0.000, 0.000, 1.000]
dist_00: !!opencv-matrix
  rows: 5
  cols: 1
  dt: d
  data: [-0.220, 0.031, -0.005, 0.002, 0.064]
K_01: !!opencv-matrix
  rows: 3
  cols: 3
  dt: d
  data: [1076.250, 0.000, 557.190, 0.000, 1078.285, 481.607, 0.000, 0.000, 1.000]
dist_01: !!opencv-matrix
  rows: 5
  cols: 1
  dt: d
  data: [-0.298, 0.290, -0.008, 0.007, -0.183]
K_02: !!opencv-matrix
  rows: 3
  cols: 3
  dt: d
  data: [1075.249, 0.000, 554.169, 0.000, 1078.526, 467.784, 0.000, 0.000, 1.000]
dist_02: !!opencv-matrix
  rows: 5
  cols: 1
  dt: d
  data: [-0.294, 0.339, -0.008, 0.009, -0.304]
K_03: !!opencv-matrix
  rows: 3
  cols: 3
  dt: d
  data: [1026.656, 0.000, 498.499, 0.000, 1027.871, 481.971, 0.000, 0.000, 1.000]
dist_03: !!opencv-matrix
  rows: 5
  cols: 1
  dt: d
  data: [-0.263, 0.326, -0.004, 0.001, -0.391]
K_04: !!opencv-matrix
  rows: 3
  cols: 3
  dt: d
  data: [1047.713, 0.000, 532.031, 0.000, 1051.933, 509.435, 0.000, 0.000, 1.000]
dist_04: !!opencv-matrix
  rows: 5
  cols: 1
  dt: d
  data: [-0.300, 0.437, -0.003, 0.008, -0.567]
K_05: !!opencv-matrix
  rows: 3
  cols: 3
  dt: d
  data: [1092.133, 0.000, 503.170, 0.000, 1096.830, 511.327, 0.000, 0.000, 1.000]
dist_05: !!opencv-matrix
  rows: 5
  cols: 1
  dt: d
  data: [-0.342, 0.474, -0.010, 0.000, -0.427]
K_06: !!opencv-matrix
  rows: 3
  cols: 3
  dt: d
  data: [1045.171, 0.000, 521.355, 0.000, 1047.629, 497.146, 0.000, 0.000, 1.000]
dist_06: !!opencv-matrix
  rows: 5
  cols: 1
  dt: d
  data: [-0.240, 0.100, -0.001, 0.002, 0.018]
K_07: !!opencv-matrix
  rows: 3
  cols: 3
  dt: d
  data: [1068.328, 0.000, 490.989, 0.000, 1073.517, 485.312, 0.000, 0.000, 1.000]
dist_07: !!opencv-matrix
  rows: 5
  cols: 1
  dt: d
  data: [-0.232, -0.056, -0.003, -0.000, 0.557]
K_08: !!opencv-matrix
  rows: 3
  cols: 3
  dt: d
  data: [1071.999, 0.000, 503.785, 0.000, 1075.707, 478.288, 0.000, 0.000, 1.000]
dist_08: !!opencv-matrix
  rows: 5
  cols: 1
  dt: d
  data: [-0.237, 0.068, -0.003, 0.001, 0.144]
K_09: !!opencv-matrix
  rows: 3
  cols: 3
  dt: d
  data: [1092.385, 0.000, 536.674, 0.000, 1097.082, 490.566, 0.000, 0.000, 1.000]
dist_09: !!opencv-matrix
  rows: 5
  cols: 1
  dt: d
  data: [-0.291, 0.360, -0.003, 0.006, -0.624]
K_10: !!opencv-matrix
  rows: 3
  cols: 3
  dt: d
  data: [1087.989, 0.000, 534.983, 0.000, 1094.488, 481.785, 0.000, 0.000, 1.000]
dist_10: !!opencv-matrix
  rows: 5
  cols: 1
  dt: d
  data: [-0.275, 0.233, -0.007, 0.010, -0.125]
K_11: !!opencv-matrix
  rows: 3
  cols: 3
  dt: d
  data: [1109.192, 0.000, 564.409, 0.000, 1110.679, 510.307, 0.000, 0.000, 1.000]
dist_11: !!opencv-matrix
  rows: 5
  cols: 1
  dt: d
  data: [-0.276, 0.104, -0.009, 0.014, 0.148]
K_12: !!opencv-matrix
  rows: 3
  cols: 3
  dt: d
  data: [1084.406, 0.000, 480.555, 0.000, 1087.589, 480.133, 0.000, 0.000, 1.000]
dist_12: !!opencv-matrix
  rows: 5
  cols: 1
  dt: d
  data: [-0.329, 0.634, -0.005, 0.004, -0.926]
K_13: !!opencv-matrix
  rows: 3
  cols: 3
  dt: d
  data: [1067.794, 0.000, 556.623, 0.000, 1071.242, 502.646, 0.000, 0.000, 1.000]
dist_13: !!opencv-matrix
  rows: 5
  cols: 1
  dt: d
  data: [-0.280, 0.269, -0.003, 0.004, -0.214]
K_14: !!opencv-matrix
  rows: 3
  cols: 3
  dt: d
  data: [1091.552, 0.000, 515.381, 0.000, 1093.264, 480.017, 0.000, 0.000, 1.000]
dist_14: !!opencv-matrix
  rows: 5
  cols: 1
  dt: d
  data: [-0.224, -0.009, -0.006, 0.002, 0.259]
K_15: !!opencv-matrix
  rows: 3
  cols: 3
  dt: d
  data: [1057.086, 0.000, 510.436, 0.000, 1060.237, 477.246, 0.000, 0.000, 1.000]
dist_15: !!opencv-matrix
  rows: 5
  cols: 1
  dt: d
  data: [-0.237, 0.161, -0.003, -0.001, -0.138]
K_16: !!opencv-matrix
  rows: 3
  cols: 3
  dt: d
  data: [1070.285, 0.000, 523.172, 0.000, 1076.031, 478.287, 0.000, 0.000, 1.000]
dist_16: !!opencv-matrix
  rows: 5
  cols: 1
  dt: d
  data: [-0.308, 0.419, -0.007, 0.005, -0.389]
K_17: !!opencv-matrix
  rows: 3
  cols: 3
  dt: d
  data: [1075.580, 0.000, 531.273, 0.000, 1081.384, 491.386, 0.000, 0.000, 1.000]
dist_17: !!opencv-matrix
  rows: 5
  cols: 1
  dt: d
  data: [-0.298, 0.391, -0.007, 0.009, -0.414]
K_18: !!opencv-matrix
  rows: 3
  cols: 3
  dt: d
  data: [1098.623, 0.000, 539.127, 0.000, 1108.720, 488.280, 0.000, 0.000, 1.000]
dist_18: !!opencv-matrix
  rows: 5
  cols: 1
  dt: d
  data: [-0.308, 0.309, -0.006, 0.009, -0.138]
K_19: !!opencv-matrix
  rows: 3
  cols: 3
  dt: d
  data: [1050.586, 0.000, 507.430, 0.000, 1057.682, 462.274, 0.000, 0.000, 1.000]
dist_19: !!opencv-matrix
  rows: 5
  cols: 1
  dt: d
  data: [-0.267, 0.223, -0.004, 0.007, -0.114]
K_20: !!opencv-matrix
  rows: 3
  cols: 3
  dt: d
  data: [1091.721, 0.000, 519.052, 0.000, 1099.216, 486.651, 0.000, 0.000, 1.000]
dist_20: !!opencv-matrix
  rows: 5
  cols: 1
  dt: d
  data: [-0.256, 0.107, -0.011, 0.003, 0.038]
K_21: !!opencv-matrix
  rows: 3
  cols: 3
  dt: d
  data: [1069.094, 0.000, 551.812, 0.000, 1069.684, 477.388, 0.000, 0.000, 1.000]
dist_21: !!opencv-matrix
  rows: 5
  cols: 1
  dt: d
  data: [-0.293, 0.428, -0.004, 0.008, -0.481]
K_22: !!opencv-matrix
  rows: 3
  cols: 3
  dt: d
  data: [1069.552, 0.000, 534.139, 0.000, 1076.577, 478.764, 0.000, 0.000, 1.000]
dist_22: !!opencv-matrix
  rows: 5
  cols: 1
  dt: d
  data: [-0.223, 0.046, -0.005, 0.003, 0.076]
