{
  "camera_angle_x": 0.8929340477023939,
  "camera_angle_y": 0.8878452042248098,
  "fl_x": 1069.552,
  "fl_y": 1076.577,
  "k1": -0.223,
  "k2": 0.046,
  "p1": -0.005,
  "p2": 0.003,
  "cx": 534.139,
  "cy": 478.764,
  "w": 1024.0,
  "h": 1024.0,
  "aabb_scale": 1,
  "frames": [
    {
      "file_path": "00.png",
      "sharpness": 246.79351574533766,
      "transform_matrix": [
        [
          0.09437395964604005,
          0.2970660325248491,
          -0.9501817342526456,
          -3.7728961829798457
        ],
        [
          -0.9946698527133309,
          0.06796019218691995,
          -0.07754544754175571,
          -0.7240954509317127
        ],
        [
          0.04153841483071752,
          0.9524353965970154,
          0.3018962992526101,
          1.3173178686016338
        ],
        [
          0.0,
          0.0,
          0.0,
          1.0
        ]
      ],
      "fl_x": 1074.281,
      "fl_y": 1075.423,
      "k1": -0.22,
      "k2": 0.031,
      "p1": -0.005,
      "p2": 0.002,
      "cx": 542.834,
      "cy": 484.884,
      "w": 1024.0,
      "h": 1024.0
    },
    {
      "file_path": "01.png",
      "sharpness": 82.62806315857424,
      "transform_matrix": [
        [
          0.5372856723431418,
          0.27174478166233623,
          -0.7984227451549463,
          -3.462033049146084
        ],
        [
          -0.835191035062753,
          0.30319132678670696,
          -0.45883652248422613,
          -1.5883730567896255
        ],
        [
          0.11738842081903142,
          0.91336180842213,
          0.38985916133067205,
          1.42264323340039
        ],
        [
          0.0,
          0.0,
          0.0,
          1.0
        ]
      ],
      "fl_x": 1076.25,
      "fl_y": 1078.285,
      "k1": -0.298,
      "k2": 0.29,
      "p1": -0.008,
      "p2": 0.007,
      "cx": 557.19,
      "cy": 481.607,
      "w": 1024.0,
      "h": 1024.0
    },
    {
      "file_path": "02.png",
      "sharpness": 114.33919857312691,
      "transform_matrix": [
        [
          0.6660436002704012,
          0.2739361243523042,
          -0.693790258190738,
          -3.042841674639
        ],
        [
          -0.7459125493918423,
          0.24382408775541295,
          -0.6198098764486518,
          -2.340235851801666
        ],
        [
          -0.0006255385926754245,
          0.9303272618232918,
          0.366729866127411,
          1.4540784518652468
        ],
        [
          0.0,
          0.0,
          0.0,
          1.0
        ]
      ],
      "fl_x": 1075.249,
      "fl_y": 1078.526,
      "k1": -0.294,
      "k2": 0.339,
      "p1": -0.008,
      "p2": 0.009,
      "cx": 554.169,
      "cy": 467.784,
      "w": 1024.0,
      "h": 1024.0
    },
    {
      "file_path": "03.png",
      "sharpness": 55.06839658324225,
      "transform_matrix": [
        [
          0.7527244376247433,
          0.21985251716723586,
          -0.6205407252908013,
          -2.3831259868666783
        ],
        [
          -0.6541058445403849,
          0.35643779276756643,
          -0.667156386522969,
          -2.8534114098574057
        ],
        [
          0.07450815552376554,
          0.9080842310413013,
          0.41210625352517716,
          1.30247975327287
        ],
        [
          0.0,
          0.0,
          0.0,
          1.0
        ]
      ],
      "fl_x": 1026.656,
      "fl_y": 1027.871,
      "k1": -0.263,
      "k2": 0.326,
      "p1": -0.004,
      "p2": 0.001,
      "cx": 498.499,
      "cy": 481.971,
      "w": 1024.0,
      "h": 1024.0
    },
    {
      "file_path": "04.png",
      "sharpness": 217.85729464516044,
      "transform_matrix": [
        [
          0.9272043750490498,
          0.14512884608560228,
          -0.3452964885000333,
          -1.295298908381742
        ],
        [
          -0.3736627496387697,
          0.2947840044083337,
          -0.8794762875317751,
          -3.6036551618171373
        ],
        [
          -0.025849497180960045,
          0.9444786968848924,
          0.3275542622621337,
          1.2958864158503085
        ],
        [
          0.0,
          0.0,
          0.0,
          1.0
        ]
      ],
      "fl_x": 1047.713,
      "fl_y": 1051.933,
      "k1": -0.3,
      "k2": 0.437,
      "p1": -0.003,
      "p2": 0.008,
      "cx": 532.031,
      "cy": 509.435,
      "w": 1024.0,
      "h": 1024.0
    },
    {
      "file_path": "05.png",
      "sharpness": 215.9385686948626,
      "transform_matrix": [
        [
          0.9706072468508832,
          0.08067415141778632,
          -0.22674490887396062,
          -0.3981522982858491
        ],
        [
          -0.2406237429027218,
          0.30702169053894185,
          -0.920781133572679,
          -3.943804420314747
        ],
        [
          -0.004667631348901368,
          0.9482770496666023,
          0.3174095940471546,
          1.2372099125751783
        ],
        [
          0.0,
          0.0,
          0.0,
          1.0
        ]
      ],
      "fl_x": 1092.133,
      "fl_y": 1096.83,
      "k1": -0.342,
      "k2": 0.474,
      "p1": -0.01,
      "p2": 0.0,
      "cx": 503.17,
      "cy": 511.327,
      "w": 1024.0,
      "h": 1024.0
    },
    {
      "file_path": "06.png",
      "sharpness": 251.79261877032516,
      "transform_matrix": [
        [
          0.991075930489735,
          -0.0909657482043654,
          0.09743578759479506,
          0.7975132173138324
        ],
        [
          0.11863520636128205,
          0.2686385098039778,
          -0.9559074426508074,
          -3.716517713297984
        ],
        [
          0.060779830953809774,
          0.9589361729554942,
          0.27703290137938624,
          1.2624921871538812
        ],
        [
          0.0,
          0.0,
          0.0,
          1.0
        ]
      ],
      "fl_x": 1045.171,
      "fl_y": 1047.629,
      "k1": -0.24,
      "k2": 0.1,
      "p1": -0.001,
      "p2": 0.002,
      "cx": 521.355,
      "cy": 497.146,
      "w": 1024.0,
      "h": 1024.0
    },
    {
      "file_path": "07.png",
      "sharpness": 184.80505351064494,
      "transform_matrix": [
        [
          0.8644198609597189,
          -0.2134351701004461,
          0.45521833463653955,
          1.5597737312419657
        ],
        [
          0.49734316847605836,
          0.23032115306788142,
          -0.8364221059207896,
          -3.558515254846945
        ],
        [
          0.07367548272184814,
          0.949419609400216,
          0.30524470287300287,
          1.331321395411261
        ],
        [
          0.0,
          0.0,
          0.0,
          1.0
        ]
      ],
      "fl_x": 1068.328,
      "fl_y": 1073.517,
      "k1": -0.232,
      "k2": -0.056,
      "p1": -0.003,
      "p2": -0.0,
      "cx": 490.989,
      "cy": 485.312,
      "w": 1024.0,
      "h": 1024.0
    },
    {
      "file_path": "08.png",
      "sharpness": 179.7126067094997,
      "transform_matrix": [
        [
          0.7680709511202414,
          -0.1815410940780193,
          0.61409270086274,
          2.2961871222765984
        ],
        [
          0.6398471865407394,
          0.25611737973786786,
          -0.724568468624878,
          -3.1191251784601968
        ],
        [
          -0.02574086093252032,
          0.9494454797706751,
          0.3128748777410367,
          1.3015770924845984
        ],
        [
          0.0,
          0.0,
          0.0,
          1.0
        ]
      ],
      "fl_x": 1071.999,
      "fl_y": 1075.707,
      "k1": -0.237,
      "k2": 0.068,
      "p1": -0.003,
      "p2": 0.001,
      "cx": 503.785,
      "cy": 478.288,
      "w": 1024.0,
      "h": 1024.0
    },
    {
      "file_path": "09.png",
      "sharpness": 175.90098177721666,
      "transform_matrix": [
        [
          0.7507409855195817,
          -0.149165414684507,
          0.6435352762434837,
          3.0046139044094566
        ],
        [
          0.6552061320944903,
          0.2923341479917487,
          -0.6965957726235551,
          -2.5038071509940973
        ],
        [
          -0.08421933939240664,
          0.9446112560620347,
          0.3172013207620595,
          1.2386002296475045
        ],
        [
          0.0,
          0.0,
          0.0,
          1.0
        ]
      ],
      "fl_x": 1092.385,
      "fl_y": 1097.082,
      "k1": -0.291,
      "k2": 0.36,
      "p1": -0.003,
      "p2": 0.006,
      "cx": 536.674,
      "cy": 490.566,
      "w": 1024.0,
      "h": 1024.0
    },
    {
      "file_path": "10.png",
      "sharpness": 148.19679030624508,
      "transform_matrix": [
        [
          0.3455586549742002,
          -0.3308197813504001,
          0.8781500374573736,
          3.4568939816007576
        ],
        [
          0.936101527584271,
          0.05610755265994048,
          -0.34722596769567543,
          -1.7801394326560414
        ],
        [
          0.06559836924229609,
          0.942024529881065,
          0.32906935310826724,
          1.2315194174588464
        ],
        [
          0.0,
          0.0,
          0.0,
          1.0
        ]
      ],
      "fl_x": 1087.989,
      "fl_y": 1094.488,
      "k1": -0.275,
      "k2": 0.233,
      "p1": -0.007,
      "p2": 0.01,
      "cx": 534.983,
      "cy": 481.785,
      "w": 1024.0,
      "h": 1024.0
    },
    {
      "file_path": "11.png",
      "sharpness": 167.29551567010463,
      "transform_matrix": [
        [
          0.18396989351751075,
          -0.3624259324382302,
          0.9136752824839507,
          3.806881479900368
        ],
        [
          0.9803876308923977,
          0.0008201586636381701,
          -0.19707719448543645,
          -0.5006812515766782
        ],
        [
          0.07067652727501346,
          0.9320122160835981,
          0.3554687857791017,
          1.3979673948651068
        ],
        [
          0.0,
          0.0,
          0.0,
          1.0
        ]
      ],
      "fl_x": 1109.192,
      "fl_y": 1110.679,
      "k1": -0.276,
      "k2": 0.104,
      "p1": -0.009,
      "p2": 0.014,
      "cx": 564.409,
      "cy": 510.307,
      "w": 1024.0,
      "h": 1024.0
    },
    {
      "file_path": "12.png",
      "sharpness": 173.27875701457012,
      "transform_matrix": [
        [
          0.02839164542611133,
          -0.33451391141388,
          0.9419630340874722,
          3.694506316642163
        ],
        [
          0.9988423150586229,
          0.04610211807438399,
          -0.013734060240091602,
          0.3653894357012335
        ],
        [
          -0.038832256808698756,
          0.9412624702361726,
          0.33543556468571556,
          1.3919748154367622
        ],
        [
          0.0,
          0.0,
          0.0,
          1.0
        ]
      ],
      "fl_x": 1084.406,
      "fl_y": 1087.589,
      "k1": -0.329,
      "k2": 0.634,
      "p1": -0.005,
      "p2": 0.004,
      "cx": 480.555,
      "cy": 480.133,
      "w": 1024.0,
      "h": 1024.0
    },
    {
      "file_path": "13.png",
      "sharpness": 271.50708987767075,
      "transform_matrix": [
        [
          -0.37065107872877284,
          -0.2663614748879919,
          0.8897580247344684,
          3.3579787734587887
        ],
        [
          0.9283018119961767,
          -0.13673007661406059,
          0.34577540694361203,
          1.3762938582946027
        ],
        [
          0.02955543551642292,
          0.9541260141806759,
          0.29794299017616627,
          1.3688212643696596
        ],
        [
          0.0,
          0.0,
          0.0,
          1.0
        ]
      ],
      "fl_x": 1067.794,
      "fl_y": 1071.242,
      "k1": -0.28,
      "k2": 0.269,
      "p1": -0.003,
      "p2": 0.004,
      "cx": 556.623,
      "cy": 502.646,
      "w": 1024.0,
      "h": 1024.0
    },
    {
      "file_path": "14.png",
      "sharpness": 116.45850934128609,
      "transform_matrix": [
        [
          -0.6727831321043455,
          -0.2597074306173305,
          0.6927589102167525,
          2.7727491484042157
        ],
        [
          0.7397912017892736,
          -0.24687982953172807,
          0.6259068042279614,
          2.5435597111640447
        ],
        [
          0.008475553728949425,
          0.9335964868933879,
          0.35822585717574223,
          1.3044233831442975
        ],
        [
          0.0,
          0.0,
          0.0,
          1.0
        ]
      ],
      "fl_x": 1091.552,
      "fl_y": 1093.264,
      "k1": -0.224,
      "k2": -0.009,
      "p1": -0.006,
      "p2": 0.002,
      "cx": 515.381,
      "cy": 480.017,
      "w": 1024.0,
      "h": 1024.0
    },
    {
      "file_path": "15.png",
      "sharpness": 271.64488715339394,
      "transform_matrix": [
        [
          -0.8490468922659371,
          -0.11445790119241309,
          0.5157700685721064,
          1.9445464415189004
        ],
        [
          0.5277575291870891,
          -0.2286836602920792,
          0.818031646059643,
          3.0413329570087875
        ],
        [
          0.024318001833203554,
          0.9667487638803987,
          0.25456917021223646,
          1.3574738761006075
        ],
        [
          0.0,
          0.0,
          0.0,
          1.0
        ]
      ],
      "fl_x": 1057.086,
      "fl_y": 1060.237,
      "k1": -0.237,
      "k2": 0.161,
      "p1": -0.003,
      "p2": -0.001,
      "cx": 510.436,
      "cy": 477.246,
      "w": 1024.0,
      "h": 1024.0
    },
    {
      "file_path": "16.png",
      "sharpness": 136.44397481319902,
      "transform_matrix": [
        [
          -0.9536022290057055,
          -0.038127269378814346,
          0.298645442308696,
          1.1714288854049841
        ],
        [
          0.2898516338463988,
          -0.38451466345130175,
          0.8764328291436815,
          3.3599758620261366
        ],
        [
          0.08141756117139601,
          0.9223311688391473,
          0.37772529147609124,
          1.4704438021875446
        ],
        [
          0.0,
          0.0,
          0.0,
          1.0
        ]
      ],
      "fl_x": 1070.285,
      "fl_y": 1076.031,
      "k1": -0.308,
      "k2": 0.419,
      "p1": -0.007,
      "p2": 0.005,
      "cx": 523.172,
      "cy": 478.287,
      "w": 1024.0,
      "h": 1024.0
    },
    {
      "file_path": "17.png",
      "sharpness": 23.62138013142612,
      "transform_matrix": [
        [
          -0.9988186707032981,
          -0.04828449364771538,
          -0.005465416212003743,
          -0.15090792832720154
        ],
        [
          0.01751455605158784,
          -0.4626385514358876,
          0.8863739679756568,
          3.584834659354762
        ],
        [
          -0.045326630465535915,
          0.8852311441008636,
          0.46293770443170906,
          1.5013782826334214
        ],
        [
          0.0,
          0.0,
          0.0,
          1.0
        ]
      ],
      "fl_x": 1075.58,
      "fl_y": 1081.384,
      "k1": -0.298,
      "k2": 0.391,
      "p1": -0.007,
      "p2": 0.009,
      "cx": 531.273,
      "cy": 491.386,
      "w": 1024.0,
      "h": 1024.0
    },
    {
      "file_path": "18.png",
      "sharpness": 114.35298382605833,
      "transform_matrix": [
        [
          -0.9594510347072956,
          0.044815341491815486,
          -0.27828995169204856,
          -1.2542078567220116
        ],
        [
          -0.27226234711517955,
          -0.40297656787126857,
          0.8737752000047366,
          3.497835967187713
        ],
        [
          -0.0729857956306307,
          0.9141123951723663,
          0.398837815068214,
          1.4338246297347779
        ],
        [
          0.0,
          0.0,
          0.0,
          1.0
        ]
      ],
      "fl_x": 1098.623,
      "fl_y": 1108.72,
      "k1": -0.308,
      "k2": 0.309,
      "p1": -0.006,
      "p2": 0.009,
      "cx": 539.127,
      "cy": 488.28,
      "w": 1024.0,
      "h": 1024.0
    },
    {
      "file_path": "19.png",
      "sharpness": 154.5633446258417,
      "transform_matrix": [
        [
          -0.8810859769344206,
          0.17586061937174663,
          -0.43904503624388613,
          -1.8724286145584228
        ],
        [
          -0.4727344984536897,
          -0.2990474936568277,
          0.8289105443668819,
          3.0628763719007788
        ],
        [
          0.014477404044926284,
          0.9378931917820718,
          0.3466219347948737,
          1.3264938023464226
        ],
        [
          0.0,
          0.0,
          0.0,
          1.0
        ]
      ],
      "fl_x": 1050.586,
      "fl_y": 1057.682,
      "k1": -0.267,
      "k2": 0.223,
      "p1": -0.004,
      "p2": 0.007,
      "cx": 507.43,
      "cy": 462.274,
      "w": 1024.0,
      "h": 1024.0
    },
    {
      "file_path": "20.png",
      "sharpness": 189.05177799735077,
      "transform_matrix": [
        [
          -0.6757832903212732,
          0.22557224548639093,
          -0.701736493732137,
          -2.8586230650528557
        ],
        [
          -0.7348437308950256,
          -0.2806128178566582,
          0.6174634707188095,
          2.3376190654976203
        ],
        [
          -0.057633633303163984,
          0.9329381590548672,
          0.3553938038170842,
          1.5456342329245794
        ],
        [
          0.0,
          0.0,
          0.0,
          1.0
        ]
      ],
      "fl_x": 1091.721,
      "fl_y": 1099.216,
      "k1": -0.256,
      "k2": 0.107,
      "p1": -0.011,
      "p2": 0.003,
      "cx": 519.052,
      "cy": 486.651,
      "w": 1024.0,
      "h": 1024.0
    },
    {
      "file_path": "21.png",
      "sharpness": 178.94961870800586,
      "transform_matrix": [
        [
          -0.40528320292960535,
          0.3278716694667326,
          -0.8533731269678628,
          -3.2552615255200092
        ],
        [
          -0.913806411594135,
          -0.11821185080039735,
          0.38856633991261397,
          1.614054723426069
        ],
        [
          0.02652107780353338,
          0.9372972456957878,
          0.34752051125539646,
          1.5126293347756563
        ],
        [
          0.0,
          0.0,
          0.0,
          1.0
        ]
      ],
      "fl_x": 1069.094,
      "fl_y": 1069.684,
      "k1": -0.293,
      "k2": 0.428,
      "p1": -0.004,
      "p2": 0.008,
      "cx": 551.812,
      "cy": 477.388,
      "w": 1024.0,
      "h": 1024.0
    },
    {
      "file_path": "22.png",
      "sharpness": 162.7122332869531,
      "transform_matrix": [
        [
          -0.27090062985615326,
          0.3272832929486765,
          -0.9052615616201221,
          -3.612901816991051
        ],
        [
          -0.9598190949222529,
          -0.16336460291320096,
          0.22816509722333025,
          0.8327344231460074
        ],
        [
          -0.07321307119144893,
          0.9306974012911214,
          0.3583883278465597,
          1.491431357744814
        ],
        [
          0.0,
          0.0,
          0.0,
          1.0
        ]
      ],
      "fl_x": 1069.552,
      "fl_y": 1076.577,
      "k1": -0.223,
      "k2": 0.046,
      "p1": -0.005,
      "p2": 0.003,
      "cx": 534.139,
      "cy": 478.764,
      "w": 1024.0,
      "h": 1024.0
    }
  ],
  "ori_up": [
    -0.017310027483337726,
    0.01849317025102478,
    0.9996791313229424
  ],
  "totp": [
    0.3068544027910865,
    0.4428045548770877,
    0.8479708784372292
  ],
  "avglen": 3.0295337705659318
}